0.001913 0.000478 
0.596438 1.033465 
1.435854 4.534428 
0.963055 -1.006069 
4.549563 1.033465 
2.729371 1.033465 
-4.344753 3.536298 
0.001913 -3.223590 
4.189862 -1.558225 
4.797247 1.033465 
1.435854 0.000478 
0.526611 1.033465 
1.435854 -0.361964 
4.212315 4.183617 
-4.638983 -3.474691 
-1.873377 0.816664 
-3.942304 4.024345 
4.865964 1.843993 
3.129534 1.033465 
0.795724 1.084396 
-3.710213 3.085756 
0.001913 -1.006069 
0.001913 -4.172022 
-3.513971 3.085756 
-4.344753 1.669574 
-1.766616 -4.951936 
-2.549342 -3.352277 
0.526611 0.000478 
3.920733 1.649964 
-4.803825 1.507961 
3.129534 -1.774366 
-4.050081 -3.352277 
-2.549342 -0.061250 
-3.326942 1.888497 
1.442646 4.745473 
1.411462 -1.774366 
2.624642 3.677287 
-2.549342 4.024345 
0.560526 0.024305 
-4.237253 0.000478 
0.127429 -2.603022 
0.319789 3.675918 
-2.549342 -3.352277 
-2.549342 3.850827 
0.001913 -3.762850 
-2.072351 -2.659540 
-4.761701 -1.006069 
1.435854 -3.223590 
4.836815 -3.719430 
-1.016103 1.888497 
-1.766616 -0.061250 
-3.326942 4.427858 
-4.803825 2.133884 
0.310682 0.386592 
0.963055 -3.352277 
0.001913 3.677287 
0.001913 0.000478 
0.001913 -3.762850 
-2.157612 1.734864 
-4.667528 0.340568 
-1.016103 3.158243 
0.757495 1.888497 
1.055030 -4.234118 
1.247776 3.242020 
-2.190327 -0.665650 
-2.549342 1.601280 
-4.344753 -0.600642 
1.435854 1.033465 
0.526611 -0.061250 
-1.542426 -1.774366 
-2.914353 -0.977509 
0.032313 -3.358853 
1.262318 0.000478 
-0.432457 -1.307594 
4.836815 -0.061250 
-1.873377 -3.719430 
4.409595 -1.006069 
0.526611 0.000478 
-0.005001 -1.006069 
-1.766616 0.561011 
-4.344753 0.000478 
0.127429 -0.600642 
-4.344753 2.843296 
1.247776 -3.803678 
3.129534 0.000478 
3.920733 -0.665650 
-4.344753 0.816664 
-3.513971 -3.374867 
-0.294020 1.507961 
-2.358945 -1.307594 
-4.344753 -3.223590 
3.941248 -0.600642 
-2.549342 -3.374867 
-3.025946 -2.585197 
1.247776 -3.803678 
-2.157612 1.734864 
-4.050081 3.536298 
-3.250558 -1.774366 
-3.025946 0.340568 
1.435854 -0.897799 
